{
  "epoch": 9,
  "val_acc": 0.8801369863013698,
  "val_macroF1": 0.7360037639473657
}