{
  "epoch": 15,
  "val_loss": 1.7538329274687048,
  "val_macroAcc": 0.7503827503541463,
  "val_macroF1": 0.24699885183700604
}