{
  "epoch": 9,
  "val_loss": 0.4876770374981283,
  "val_macroAcc": 0.8980298042297363,
  "val_macroF1": 0.5531299114227295
}