{
  "epoch": 19,
  "val_loss": 1.7267463928652997,
  "val_macroAcc": 0.7432606041301694,
  "val_macroF1": 0.24781061270208918
}