{
  "epoch": 20,
  "val_loss": 1.7333022633644,
  "val_macroAcc": 0.7386855497258169,
  "val_macroF1": 0.21101931386024814
}