{
  "epoch": 10,
  "val_loss": 0.5166192887498516,
  "val_macroAcc": 0.9033187627792358,
  "val_macroF1": 0.5271488428115845
}