{
  "epoch": 10,
  "val_loss": 0.49742362052882644,
  "val_macroAcc": 0.9088015556335449,
  "val_macroF1": 0.5098006725311279
}