{
  "epoch": 8,
  "val_acc": 0.9922374429223745,
  "val_macroF1": 0.975356832089037
}