{
  "epoch": 16,
  "val_loss": 1.6611000118965589,
  "val_macroAcc": 0.7517127196475023,
  "val_macroF1": 0.2268233853606196
}