{
  "epoch": 17,
  "val_loss": 1.7191150820835128,
  "val_macroAcc": 0.7468778202473855,
  "val_macroF1": 0.23360996984614718
}