{
  "epoch": 14,
  "val_loss": 1.6724804444083288,
  "val_macroAcc": 0.7454046557307427,
  "val_macroF1": 0.21550623045212394
}