{
  "epoch": 10,
  "val_loss": 0.4760074418384372,
  "val_macroAcc": 0.9038071036338806,
  "val_macroF1": 0.5278091430664062
}