{
  "epoch": 17,
  "val_loss": 1.7103917841553062,
  "val_macroAcc": 0.7337414397197005,
  "val_macroF1": 0.23525628547065375
}