{
  "epoch": 18,
  "val_loss": 1.715523865321478,
  "val_macroAcc": 0.7285329404894623,
  "val_macroF1": 0.20597699167643027
}