{
  "epoch": 9,
  "val_acc": 0.8735159817351598,
  "val_macroF1": 0.7328301780875792
}