{
  "epoch": 8,
  "val_acc": 0.9924657534246575,
  "val_macroF1": 0.9648771067778678
}