{
  "epoch": 16,
  "val_loss": 1.7199585781872722,
  "val_macroAcc": 0.7303696774218721,
  "val_macroF1": 0.2140139317152898
}