{
  "epoch": 10,
  "val_loss": 0.5145736042564115,
  "val_macroAcc": 0.8869235515594482,
  "val_macroF1": 0.5249602198600769
}