{
  "epoch": 10,
  "val_acc": 0.9981024667931688,
  "val_macroF1": 0.9979968679681324
}