{
  "epoch": 20,
  "val_acc": 0.971689497716895,
  "val_macroF1": 0.9370389235085043
}