{
  "epoch": 20,
  "val_loss": 1.7074996119194528,
  "val_macroAcc": 0.7352596610229007,
  "val_macroF1": 0.21906518182889162
}